-7.125831246020958298e-01  -2.215667360125332941e-01
-1.058941058941059055e+00  0.000000000000000000e+00
-2.121426785761856837e-01  -3.982115304654447741e-01
-1.912087912087912178e+00  0.000000000000000000e+00
-1.824441050218741645e-01  4.023958601417674252e-01
-2.967039137519647540e-01  3.827388717918749350e-01
-1.635917215179576167e-01  -4.047198114395593738e-01
-3.405337986306809506e-01  -3.726021754281751974e-01
-1.449550449550449649e+00  0.000000000000000000e+00
-9.116741921172658580e-01  -8.113374169310372253e-02
-8.176075027872957701e-01  -1.539141958507672658e-01
-1.792207792207792139e+00  0.000000000000000000e+00
-2.996357390951752686e-01  -3.821065168274435653e-01
-1.098901098901098994e+00  0.000000000000000000e+00
-5.035716972652715118e-01  -3.215201647017627007e-01
-9.418770495827467615e-01  5.492541132977768470e-02
-1.602397602397602316e+00  0.000000000000000000e+00
-1.027972027972027913e+00  0.000000000000000000e+00
-7.838236289064802742e-01  -1.771238332341575905e-01
-5.902124322177114690e-01  -2.851650807797625475e-01
-4.099265500995953326e-01  3.534992513937509351e-01
-1.405594405594405627e+00  0.000000000000000000e+00
-2.515900544066188571e-01  -3.916545708341834242e-01
-1.599563710136897576e-02  -4.141230991655999727e-01
-9.358959597021139221e-01  6.023523456507495766e-02
-2.525737924884992047e-01  3.914763667946274950e-01
-1.692307692307692291e+00  0.000000000000000000e+00
-2.141193385513426306e-01  3.979101934167073029e-01
-6.760048231928861284e-01  2.421825465767724062e-01
-1.969030969030969080e+00  0.000000000000000000e+00
-9.448563096285301777e-01  5.225783634770597708e-02
-1.054945054945054972e+00  0.000000000000000000e+00
-5.082396467075298574e-01  -3.197319657849488905e-01
-1.700299700299700234e+00  0.000000000000000000e+00
-1.205794205794205709e+00  0.000000000000000000e+00
-9.500518210831083721e-01  -4.756934723037287149e-02
-6.477339396677800343e-01  -2.571558150851693814e-01
-5.527204114606572016e-01  3.017296749919939902e-01
-4.885922682375218318e-01  -3.271313406812883517e-01
-8.151584595662827448e-01  1.556455710110800084e-01
-4.498110097660450168e-02  4.134980369830489888e-01
-5.865759953322842168e-01  2.868288937150660356e-01
-7.763185278451004701e-01  1.820869440630905611e-01
-1.773226773226773245e+00  0.000000000000000000e+00
-4.716657900950380622e-01  -3.332409318851652369e-01
-9.507921408208014347e-01  -4.689746630383884174e-02
-8.257443595624672783e-01  1.481055058881874942e-01
-5.697025238579857265e-02  4.130656001555974566e-01
-1.309690309690309640e+00  0.000000000000000000e+00
-1.921078921078920976e+00  0.000000000000000000e+00
